1 0.5981359375 0.7730270833333334 0.60334375 0.7642541666666667 0.637109375 0.809375 0.6450109375 0.809575 0.680859375 0.7682291666666666 0.6859375 0.7739583333333333 0.64765625 0.8208333333333333 0.645559375 0.8271208333333333 0.6453125 0.8848958333333333 0.63515625 0.8848958333333333 0.635546875 0.8260416666666667 0.6340453125 0.81944375
1 0.6078125 0.6119791666666666 0.603125 0.6203125 0.639528125 0.6710520833333333 0.63843125 0.7357458333333333 0.648046875 0.7359375 0.649609375 0.6729166666666667 0.69296875 0.621875 0.68671875 0.6135416666666667 0.65049375 0.6582604166666666 0.64140625 0.6572916666666667
1 0.65703125 0.18072916666666666 0.658203125 0.17708333333333334 0.660546875 0.175 0.66328125 0.1765625 0.664453125 0.18072916666666666 0.648046875 0.5264895833333333 0.644921875 0.52909375 0.64140625 0.5280520833333333 0.63828125 0.5249270833333334
1 0.694921875 0.24940625 0.6940796875 0.23684166666666667 0.69545 0.22368333333333332 0.69609375 0.21659375 0.69921875 0.20930208333333333 0.70234375 0.20513541666666668 0.7055921875 0.20979583333333332 0.706640625 0.21867708333333333 0.706640625 0.22857291666666668 0.705859375 0.24003125 0.703125 0.2514895833333333 0.69921875 0.2566979166666667
1 0.691015625 0.32023958333333336 0.688671875 0.33430208333333333 0.688671875 0.34211458333333333 0.689453125 0.35253125 0.690625 0.36034375 0.693359375 0.36346875 0.6968203125 0.3581875 0.6987390625 0.3523395833333333 0.700384375 0.3439333333333333 0.7006578125 0.3336979166666667 0.700384375 0.32163749999999997 0.6979171875 0.31432708333333337 0.69375 0.3145104166666667
1 0.690625 0.40357291666666667 0.686403125 0.41959166666666664 0.684759375 0.4338458333333334 0.6831140625 0.44992708333333337 0.68174375 0.4660083333333333 0.6809203125 0.48209166666666664 0.680646875 0.5 0.6809203125 0.5127916666666666 0.6809203125 0.52521875 0.68174375 0.5369145833333333 0.683984375 0.5431562499999999 0.6880484375 0.5299708333333333 0.6899671875 0.5193708333333333 0.6910640625 0.5040208333333334 0.6918859375 0.4937875 0.692578125 0.47596875 0.693359375 0.46034375 0.694140625 0.44367708333333333 0.694140625 0.42805208333333333 0.69296875 0.4160729166666667
1 0.5559203125 0.3918125 0.565240625 0.3914479166666667 0.6088265625 0.4605270833333333 0.6080046875 0.47989791666666665 0.559484375 0.54495625 0.551534375 0.5442250000000001 0.6003296875 0.47953125 0.6008765625 0.46271874999999996
1 0.5307015625 0.15533541666666667 0.58771875 0.2518270833333333 0.5871703125 0.26571666666666666 0.523575 0.3538020833333333 0.534265625 0.3541666666666667 0.5951203125 0.27046875 0.59566875 0.2485375 0.5402953125 0.153875
1 0.5677078125 0.6070916666666667 0.57045 0.6012416666666667 0.575109375 0.5997812499999999 0.5764796875 0.6045312500000001 0.5709984375 0.8907166666666666 0.5666125 0.8951020833333333 0.563596875 0.89400625 0.5608546875 0.8910812499999999
1 0.4098140625 0.5215645833333333 0.413925 0.5160812499999999 0.41694062499999995 0.5040208333333334 0.421053125 0.47222291666666666 0.42516406250000005 0.41995625000000003 0.42790625000000004 0.34539375 0.42790625000000004 0.2631583333333333 0.4270828125 0.23866875 0.42571250000000005 0.21162291666666666 0.4235203125 0.18713541666666667 0.4202296875 0.16264583333333332 0.41748906249999995 0.14839166666666664 0.413103125 0.14217916666666666 0.4087171875 0.14656458333333333 0.4067984375 0.15570208333333332 0.405428125 0.16264583333333332 0.40296093749999995 0.18384583333333332 0.399396875 0.21929791666666668 0.397478125 0.2547520833333333 0.3958328125 0.30263125 0.395559375 0.3600145833333333 0.395559375 0.3994875 0.3969296875 0.4411541666666666 0.399396875 0.4744145833333333 0.4021375 0.5018270833333334 0.405153125 0.51754375
1 0.46600937499999995 0.18201666666666666 0.46299375 0.18421041666666668 0.46217031249999996 0.18823125 0.46491249999999995 0.19590625 0.469571875 0.20796875 0.473409375 0.2185666666666667 0.47532968750000004 0.22953125 0.476425 0.24195833333333333 0.477521875 0.26023333333333337 0.47779531249999996 0.28033541666666667 0.477521875 0.3019 0.476425 0.31652083333333336 0.47368437500000005 0.34210625 0.4692984375 0.3691520833333334 0.46546093749999995 0.3980270833333333 0.459978125 0.42799791666666664 0.4547703125 0.45796875 0.452028125 0.48903541666666667 0.4514796875 0.51535 0.452303125 0.5566520833333333 0.45504375 0.591375 0.46217031249999996 0.6348687500000001 0.4671046875 0.6648395833333333 0.4703953125 0.6885958333333334 0.471765625 0.7057749999999999 0.4712171875 0.7328208333333334 0.46683125 0.7606 0.46381562499999995 0.7803354166666666 0.45970468750000004 0.8070166666666666 0.45805937500000005 0.8198104166666667 0.4566890625 0.8377187500000001 0.4555921875 0.87280625 0.45860781250000004 0.8790208333333334 0.46299375 0.8782895833333334 0.46600937499999995 0.8709791666666666 0.46655625 0.8395458333333334 0.467928125 0.8216375 0.469846875 0.8048249999999999 0.4728625 0.7876458333333333 0.476425 0.76535 0.4802625 0.7335520833333333 0.48163437499999995 0.7116229166666667 0.479715625 0.6856729166666666 0.476425 0.66081875 0.4712171875 0.6315791666666667 0.4635421875 0.5869875 0.4613484375 0.5551895833333333 0.461075 0.51535 0.461896875 0.48793958333333337 0.46381562499999995 0.4612583333333333 0.4682015625 0.43347916666666664 0.47368437500000005 0.40168125 0.47834374999999996 0.372075 0.483278125 0.3417395833333333 0.48629375 0.31981041666666665 0.48711562500000005 0.2989770833333333 0.4868421875 0.27741249999999995 0.4868421875 0.25804166666666667 0.48629375 0.2408625 0.4849234375 0.22733958333333334 0.4827296875 0.2149125 0.4791671875 0.20467916666666666 0.47478125000000004 0.19298333333333334 0.4701203125 0.18384583333333332
1 0.3401859375 0.8786541666666667 0.342653125 0.8837729166666667 0.3473140625 0.8845020833333332 0.350603125 0.8790208333333334 0.3552625 0.72635625 0.358278125 0.559575 0.3588265625 0.39457291666666666 0.35910156249999997 0.23181041666666669 0.35910156249999997 0.14929583333333335 0.3552625 0.14308125 0.350603125 0.14271666666666669 0.3470390625 0.14783333333333332 0.3473140625 0.23391875 0.3481359375 0.39656458333333333 0.3481359375 0.5634958333333333 0.3451203125 0.7280708333333333
1 0.3991234375 0.8790208333333334 0.40241249999999995 0.8790208333333334 0.4048796875 0.8629395833333333 0.4076203125 0.8402770833333334 0.4103625 0.7997083333333334 0.413103125 0.752925 0.4136515625 0.71564375 0.4142 0.6801895833333333 0.413925 0.6418125 0.41282968750000004 0.6041666666666666 0.41200625 0.5851604166666667 0.4098140625 0.57383125 0.4076203125 0.5745604166666667 0.4048796875 0.5858916666666667 0.403234375 0.6027041666666667 0.4010421875 0.6334062500000001 0.3988484375 0.67616875 0.39720468750000004 0.7127187500000001 0.3961078125 0.7503645833333333 0.3961078125 0.7997083333333334 0.3961078125 0.8380854166666667 0.3969296875 0.8622083333333334
1 0.49808125 0.8724416666666667 0.5013703125 0.87573125 0.5054828125 0.8753645833333333 0.508771875 0.8687874999999999 0.507675 0.84064375 0.508771875 0.8231 0.510690625 0.8070166666666666 0.514803125 0.7821645833333334 0.518640625 0.7587729166666667 0.520559375 0.7353791666666667 0.5219296875 0.7160083333333334 0.52165625 0.6966375 0.5189140625 0.6758041666666668 0.515625 0.6542395833333334 0.510965625 0.6290208333333334 0.5074015625 0.6114770833333334 0.5043859375 0.5932020833333334 0.503015625 0.5771208333333333 0.50219375 0.5533625 0.50219375 0.52595 0.502740625 0.5062125 0.5035640625 0.4912270833333333 0.5052078125 0.46747083333333334 0.5038375 0.4612583333333333 0.49808125 0.4605270833333333 0.49506562499999995 0.4660083333333333 0.49424375 0.48209166666666664 0.49342031249999996 0.5 0.4925984375 0.5208333333333334 0.4925984375 0.5467833333333334 0.4936953125 0.5723687500000001 0.495340625 0.5953937499999999 0.4983546875 0.6133041666666668 0.5013703125 0.6323104166666667 0.50603125 0.6567979166666666 0.5101421875 0.6812874999999999 0.5120609375 0.7002916666666666 0.5117875 0.7189333333333334 0.510690625 0.7375729166666667 0.50795 0.7573104166666667 0.504659375 0.7796062500000001 0.5005484375 0.80555625 0.4983546875 0.8241958333333332 0.496984375 0.841375 0.4975328125 0.8665937499999999