0 0.4105390625 0.14338333333333333 0.40716875 0.15318541666666666 0.4019609375 0.19526041666666666 0.397059375 0.25326875 0.3952203125 0.32598125 0.3955265625 0.3982833333333333 0.399509375 0.4758979166666667 0.4028796875 0.50571875 0.4068625 0.5200166666666667 0.41176406249999997 0.520425 0.414521875 0.5102125 0.42065 0.4767166666666667 0.4249390625 0.414625 0.42769531250000004 0.34354583333333333 0.42769531250000004 0.25612708333333334 0.4240203125 0.19526041666666666 0.4185046875 0.15400416666666666 0.414828125 0.14297291666666664
0 0.4681375 0.18178124999999998 0.4644609375 0.18586666666666665 0.4635421875 0.18995 0.46875 0.20383958333333335 0.4727328125 0.21977083333333333 0.475184375 0.23488541666666668 0.477021875 0.25040833333333334 0.477940625 0.2937083333333333 0.475796875 0.3267979166666667 0.46905625000000006 0.37083333333333335 0.4574140625 0.4448520833333333 0.45435 0.4632354166666667 0.45220625 0.48815416666666667 0.4512875 0.5420750000000001 0.4549625 0.5915041666666667 0.4647671875 0.6478750000000001 0.4705875 0.6879083333333333 0.47150781249999996 0.7128270833333333 0.4705875 0.7377458333333333 0.459559375 0.8022875 0.4564953125 0.8321083333333333 0.4549625 0.8672395833333333 0.45588281249999996 0.875 0.4635421875 0.876225 0.4656859375 0.8684645833333333 0.4662984375 0.8468145833333334 0.467525 0.8206708333333333 0.47150781249999996 0.79085 0.48069843749999996 0.7291666666666666 0.4813109375 0.7067 0.4794734375 0.6858666666666667 0.46593125 0.6 0.46200937499999994 0.56576875 0.46124375000000006 0.525 0.461703125 0.48651875 0.46593125 0.4479166666666667 0.48590625000000004 0.32598125 0.4877453125 0.30269583333333333 0.48713281249999996 0.24223958333333334 0.484375 0.22508125 0.4813109375 0.20955833333333332 0.47334531249999995 0.18709166666666668
0 0.3486515625 0.14379166666666665 0.3468140625 0.15032708333333333 0.3480390625 0.3451791666666667 0.3477328125 0.5522875 0.34742656250000004 0.5641333333333333 0.3406859375 0.84763125 0.34037968749999997 0.8786770833333333 0.3421875 0.8833333333333333 0.34712031250000003 0.8848041666666667 0.350796875 0.8786770833333333 0.3550859375 0.73651875 0.35815 0.5596395833333333 0.35906875 0.352125 0.35906875 0.14991875 0.3547796875 0.14297291666666664
0 0.4981625 0.45874166666666666 0.4950984375 0.46405208333333337 0.49234062500000003 0.49182916666666665 0.491421875 0.5547395833333333 0.49387187499999996 0.5837416666666667 0.509496875 0.6834145833333333 0.5113359375 0.7095583333333334 0.5101109375 0.7385625 0.5049015625 0.7724666666666666 0.4969359375 0.8308833333333333 0.4966296875 0.8688729166666668 0.5006125 0.875 0.5055140625 0.8754083333333333 0.507965625 0.8668291666666667 0.5078125 0.8270833333333333 0.5203125 0.7416666666666667 0.521753125 0.70343125 0.5196078125 0.6813729166666668 0.5036765625 0.5817 0.5024515625 0.55678125 0.5027578125 0.49755000000000005 0.5049015625 0.46527708333333334 0.5039828125 0.45955833333333335
0 0.4056375 0.57598125 0.4019609375 0.61151875 0.39828437499999997 0.66585 0.3964453125 0.7103750000000001 0.3952203125 0.7859479166666666 0.39613906249999997 0.8582520833333334 0.39889687500000004 0.8778604166666667 0.4019609375 0.8766333333333333 0.40533125 0.86029375 0.4093140625 0.8198520833333334 0.41299062500000006 0.7479583333333333 0.414521875 0.65236875 0.41237812500000004 0.60335 0.40992656250000004 0.5755729166666667
0 0.569546875 0.5992645833333333 0.5661765625 0.6053916666666667 0.5652578125 0.6633979166666666 0.5628062500000001 0.73284375 0.5615812499999999 0.8206708333333333 0.5606625000000001 0.8888895833333332 0.5631125 0.8950166666666667 0.5680140625 0.8937916666666667 0.569546875 0.8888895833333332 0.5726109375 0.72835 0.57659375 0.6058 0.5747546875 0.60008125
0 0.6559437499999999 0.1772875 0.6443015625 0.39460833333333334 0.6390625 0.5270833333333333 0.6446078125 0.52859375 0.6479781250000001 0.5224666666666666 0.6645218749999999 0.17892083333333333 0.6602328125 0.17524583333333332
0 0.6087625 0.61029375 0.6026343749999999 0.6196895833333333 0.6384796875000001 0.6719770833333333 0.6381734375 0.7336604166666666 0.6488968749999999 0.73406875 0.649815625 0.67156875 0.6914828125 0.6229583333333333 0.6865812499999999 0.6135625 0.6495093749999999 0.6560458333333333 0.6403187499999999 0.6560458333333333
0 0.53125 0.15625 0.578125 0.2375 0.586703125 0.2516333333333333 0.587315625 0.26674791666666664 0.524815625 0.35048958333333335 0.5309437499999999 0.3574354166666666 0.584559375 0.2867645833333333 0.5958953124999999 0.2675645833333334 0.5962015625 0.25 0.587315625 0.23406875 0.540625 0.15625
0 0.5971203125 0.77165 0.6351109375 0.8223041666666667 0.6351109375 0.8852125 0.6455265625 0.8848041666666667 0.6461390625 0.8218958333333333 0.6865812499999999 0.7757354166666667 0.6801468749999999 0.7683833333333333 0.6461390625 0.80678125 0.6354171875 0.8071895833333333 0.602940625 0.7638895833333332
0 0.5649515625 0.3913395833333333 0.556065625 0.39297291666666667 0.5995703125 0.46241875000000005 0.600796875 0.47099583333333334 0.600184375 0.47753333333333337 0.5515625 0.5399916666666668 0.55625 0.5462416666666667 0.6066171875 0.4808 0.60815 0.47385625 0.60784375 0.4632354166666667 0.603246875 0.45220625 0.5863968749999999 0.42687916666666664 0.5741421875 0.40645416666666667
0 0.6865812499999999 0.40890625 0.6819859375 0.44893750000000004 0.679534375 0.49019583333333333 0.6807593749999999 0.5302291666666666 0.6844359375 0.5433 0.6884187500000001 0.5265520833333334 0.6917890625 0.49182916666666665 0.6933203125 0.45220625 0.6927078125 0.4093145833333333 0.6899515625 0.40114375
0 0.69874375 0.20665833333333333 0.693628125 0.22222291666666666 0.6927078125 0.24387291666666666 0.6971812500000001 0.2566583333333333 0.7012875000000001 0.2549020833333333 0.7061890625 0.2397875 0.7068015625 0.22222291666666666 0.7040437500000001 0.20751666666666668
0 0.6924015625 0.3141333333333333 0.6881125 0.32802291666666666 0.6871937499999999 0.3492645833333333 0.690625 0.3625 0.6957718749999999 0.36192708333333334 0.6994484375 0.3451791666666667 0.7006734375 0.33047291666666667 0.7000609375 0.32230416666666667 0.6976109375 0.31331666666666663